terrai_cod,1985,2023
17801,0,2036.325454834653
17901,0,2.594545323615
1901,0,15.227748618489
2101,0,20.073854718120998
2201,0,84.08655550810701
26101,0,28.132717241805
26301,0,71.33001796117499
26501,0,1204.339550773103
29701,0,44.228095443244
30001,0,28.082475616929
3101,0,76.019658479895
31501,0,16.529875044359
36301,0,135.843235155493
36401,0,28.005203468634
37701,0,156.980752197804
37901,0,1683.4937460900103
41201,0,0.6238778612570001
42401,0,178.331888071302
43301,0,1921.838339041458
43501,0,12.41857310709
46401,0,0
46501,0,539.998424572216
49501,0,0
49601,0,0
50901,0,0
51601,0,9.271265124339001
5601,0,1330.909871831329
58401,0,2816.0131085205808
6601,0,131.22490374586502
6701,0,97.993693727088
73708,0,0
8201,0,186.052632681787
8801,0,276.595265733549
